1111
0110
0011
0010
0111
1011
0010
0111
0110
0010
1101
0100
0001
0000
0101
1001
0000
0101
0100
0000
1111
0110
0011
0010
0111
1011
0010
0111
0110
0010
1111
0110
0011
0010
0111
1011
0010
0111
0110
0010
1111
0110
0011
0010
0111
1011
0010
0111
0110
0010
1101
0100
0001
0000
0101
1001
0000
0101
0100
0000
1101
0100
0001
0000
0101
1001
0000
0101
0100
0000
1101
0100
0001
0000
0101
1001
0000
0101
0100
0000
1111
0110
0011
0010
0111
1011
0010
0111
0110
0010
1101
0100
0001
0000
0101
1001
0000
0101
0100
0000
