MISSNUM,DBODY,Kfuel,EQ_RATIO,PC,DNOSE,LNOSE,THROAT,LNOZ,FNL,TBURN,WRCR,WTR,WINGB2,WLE,XLEWING/LENGTH,TRCR,TTR,TAILB2,TLE,TLEWING/LENGTH,TDELAY,TAU,ZETA,COHZ,PRONVG,LAUNCH
1,5.126084,4,0.616220,2375.380599,0.539292,1.286660,0.092984,18.818180,0.605790,96.751846,0.041429,0.894286,0.024286,1.571428,0.195238,1.039370,0.681339,1.000000,20.000000,1.000000,514.090763,0.562992,0.793228,55.000000,3.761905,86.000000
2,5.088382,3,0.463874,2349.544013,0.535167,1.315801,0.097161,19.857069,0.642736,90.078252,0.041429,0.894286,0.024286,1.571428,0.195238,1.039370,0.681339,1.000000,20.000000,1.000000,514.090763,0.562992,0.793228,55.000000,3.761905,86.000000
3,5.448120,3,0.603541,2241.237849,0.533076,1.499860,0.094857,18.272560,0.614851,99.950749,0.041429,0.894286,0.024286,1.571428,0.195238,1.039370,0.681339,1.000000,20.000000,1.000000,514.090763,0.562992,0.793228,55.000000,3.761905,86.000000
4,5.075198,4,0.484244,2227.610269,0.557641,1.388044,0.092860,18.354872,0.623948,97.163022,0.041429,0.894286,0.024286,1.571428,0.195238,1.039370,0.681339,1.000000,20.000000,1.000000,514.090763,0.562992,0.793228,55.000000,3.761905,86.000000
5,5.738727,4,0.567468,2233.492482,0.627763,1.484856,0.100266,18.838411,0.569907,96.568374,0.041429,0.894286,0.024286,1.571428,0.195238,1.039370,0.681339,1.000000,20.000000,1.000000,514.090763,0.562992,0.793228,55.000000,3.761905,86.000000
6,5.725831,4,0.575420,2329.148829,0.573468,1.382248,0.101160,19.732064,0.597724,99.787770,0.041429,0.894286,0.024286,1.571428,0.195238,1.039370,0.681339,1.000000,20.000000,1.000000,514.090763,0.562992,0.793228,55.000000,3.761905,86.000000
7,5.506048,3,0.527553,2333.595824,0.587849,1.201845,0.098296,19.436144,0.572608,91.281672,0.041429,0.894286,0.024286,1.571428,0.195238,1.039370,0.681339,1.000000,20.000000,1.000000,514.090763,0.562992,0.793228,55.000000,3.761905,86.000000
8,5.948155,4,0.634157,2397.238052,0.563979,1.330900,0.093258,18.070423,0.596523,94.487551,0.041429,0.894286,0.024286,1.571428,0.195238,1.039370,0.681339,1.000000,20.000000,1.000000,514.090763,0.562992,0.793228,55.000000,3.761905,86.000000
9,5.287273,4,0.518286,2203.863895,0.683735,1.495672,0.094200,18.155568,0.588937,92.693392,0.041429,0.894286,0.024286,1.571428,0.195238,1.039370,0.681339,1.000000,20.000000,1.000000,514.090763,0.562992,0.793228,55.000000,3.761905,86.000000
10,5.755336,3,0.490352,2205.844853,0.605790,1.444601,0.096760,18.376199,0.622921,99.458462,0.041429,0.894286,0.024286,1.571428,0.195238,1.039370,0.681339,1.000000,20.000000,1.000000,514.090763,0.562992,0.793228,55.000000,3.761905,86.000000
11,5.188881,3,0.582108,2319.268417,0.671997,1.279775,0.098563,18.577801,0.567780,94.669620,0.041429,0.894286,0.024286,1.571428,0.195238,1.039370,0.681339,1.000000,20.000000,1.000000,514.090763,0.562992,0.793228,55.000000,3.761905,86.000000
12,5.856782,3,0.481932,2347.068727,0.603095,1.421721,0.093066,19.256047,0.606679,98.860444,0.041429,0.894286,0.024286,1.571428,0.195238,1.039370,0.681339,1.000000,20.000000,1.000000,514.090763,0.562992,0.793228,55.000000,3.761905,86.000000
13,5.007931,4,0.548097,2391.869736,0.631750,1.210505,0.101085,19.114724,0.621638,95.167030,0.041429,0.894286,0.024286,1.571428,0.195238,1.039370,0.681339,1.000000,20.000000,1.000000,514.090763,0.562992,0.793228,55.000000,3.761905,86.000000
14,5.407573,3,0.460129,2295.137531,0.657888,1.228932,0.100763,19.811701,0.563599,93.791730,0.041429,0.894286,0.024286,1.571428,0.195238,1.039370,0.681339,1.000000,20.000000,1.000000,514.090763,0.562992,0.793228,55.000000,3.761905,86.000000
15,5.279322,4,0.596188,2373.150063,0.547867,1.385363,0.095276,18.872020,0.599568,90.594573,0.041429,0.894286,0.024286,1.571428,0.195238,1.039370,0.681339,1.000000,20.000000,1.000000,514.090763,0.562992,0.793228,55.000000,3.761905,86.000000
16,5.569150,3,0.610229,2219.072290,0.537565,1.235086,0.096470,19.011594,0.568526,95.854869,0.041429,0.894286,0.024286,1.571428,0.195238,1.039370,0.681339,1.000000,20.000000,1.000000,514.090763,0.562992,0.793228,55.000000,3.761905,86.000000
17,5.426568,4,0.592094,2285.463279,0.575280,1.367462,0.094969,19.358031,0.579582,91.069985,0.041429,0.894286,0.024286,1.571428,0.195238,1.039370,0.681339,1.000000,20.000000,1.000000,514.090763,0.562992,0.793228,55.000000,3.761905,86.000000
18,5.809794,3,0.577410,2365.846992,0.663895,1.486918,0.094297,19.394261,0.576522,99.681158,0.041429,0.894286,0.024286,1.571428,0.195238,1.039370,0.681339,1.000000,20.000000,1.000000,514.090763,0.562992,0.793228,55.000000,3.761905,86.000000
19,5.179289,3,0.499490,2323.080802,0.661807,1.333694,0.093888,18.710036,0.620775,91.181336,0.041429,0.894286,0.024286,1.571428,0.195238,1.039370,0.681339,1.000000,20.000000,1.000000,514.090763,0.562992,0.793228,55.000000,3.761905,86.000000
20,5.109776,3,0.509413,2327.308834,0.553102,1.325514,0.097964,19.678763,0.616600,93.976758,0.041429,0.894286,0.024286,1.571428,0.195238,1.039370,0.681339,1.000000,20.000000,1.000000,514.090763,0.562992,0.793228,55.000000,3.761905,86.000000
21,5.496865,4,0.461816,2235.380164,0.525632,1.265323,0.099963,19.559424,0.585966,99.396605,0.041429,0.894286,0.024286,1.571428,0.195238,1.039370,0.681339,1.000000,20.000000,1.000000,514.090763,0.562992,0.793228,55.000000,3.761905,86.000000
22,5.049608,4,0.537520,2259.229994,0.545027,1.304674,0.102085,18.698043,0.586821,94.270076,0.041429,0.894286,0.024286,1.571428,0.195238,1.039370,0.681339,1.000000,20.000000,1.000000,514.090763,0.562992,0.793228,55.000000,3.761905,86.000000
23,5.065557,4,0.492065,2335.689461,0.579777,1.466297,0.098079,18.136065,0.589883,96.957895,0.041429,0.894286,0.024286,1.571428,0.195238,1.039370,0.681339,1.000000,20.000000,1.000000,514.090763,0.562992,0.793228,55.000000,3.761905,86.000000
24,5.455286,3,0.542013,2297.866225,0.515378,1.474761,0.094392,18.452932,0.611581,95.796139,0.041429,0.894286,0.024286,1.571428,0.195238,1.039370,0.681339,1.000000,20.000000,1.000000,514.090763,0.562992,0.793228,55.000000,3.761905,86.000000
25,5.928760,3,0.531609,2339.767230,0.589439,1.436354,0.100874,18.053095,0.640976,98.092316,0.041429,0.894286,0.024286,1.571428,0.195238,1.039370,0.681339,1.000000,20.000000,1.000000,514.090763,0.562992,0.793228,55.000000,3.761905,86.000000
26,5.795035,4,0.628137,2237.449667,0.597917,1.490961,0.094057,19.834765,0.574000,97.061120,0.041429,0.894286,0.024286,1.571428,0.195238,1.039370,0.681339,1.000000,20.000000,1.000000,514.090763,0.562992,0.793228,55.000000,3.761905,86.000000
27,5.217414,3,0.480177,2301.301634,0.625239,1.357843,0.093756,19.972828,0.633760,98.756042,0.041429,0.894286,0.024286,1.571428,0.195238,1.039370,0.681339,1.000000,20.000000,1.000000,514.090763,0.562992,0.793228,55.000000,3.761905,86.000000
28,5.357574,4,0.565893,2223.399578,0.559630,1.255964,0.095681,19.190761,0.584910,92.850702,0.041429,0.894286,0.024286,1.571428,0.195238,1.039370,0.681339,1.000000,20.000000,1.000000,514.090763,0.562992,0.793228,55.000000,3.761905,86.000000
29,5.475748,3,0.631953,2261.742222,0.633710,1.417509,0.101764,19.591220,0.639895,94.579346,0.041429,0.894286,0.024286,1.571428,0.195238,1.039370,0.681339,1.000000,20.000000,1.000000,514.090763,0.562992,0.793228,55.000000,3.761905,86.000000
30,5.548048,4,0.474356,2337.814152,0.695965,1.397879,0.099851,18.239551,0.626783,91.887500,0.041429,0.894286,0.024286,1.571428,0.195238,1.039370,0.681339,1.000000,20.000000,1.000000,514.090763,0.562992,0.793228,55.000000,3.761905,86.000000
31,5.986052,3,0.557771,2275.775540,0.669084,1.273777,0.097755,19.937230,0.643652,95.659652,0.041429,0.894286,0.024286,1.571428,0.195238,1.039370,0.681339,1.000000,20.000000,1.000000,514.090763,0.562992,0.793228,55.000000,3.761905,86.000000
32,5.368438,4,0.590002,2217.966725,0.667086,1.321503,0.092385,18.796954,0.578968,90.986005,0.041429,0.894286,0.024286,1.571428,0.195238,1.039370,0.681339,1.000000,20.000000,1.000000,514.090763,0.562992,0.793228,55.000000,3.761905,86.000000
33,5.937340,3,0.530218,2317.327297,0.555247,1.415183,0.092755,19.794673,0.580925,98.276003,0.041429,0.894286,0.024286,1.571428,0.195238,1.039370,0.681339,1.000000,20.000000,1.000000,514.090763,0.562992,0.793228,55.000000,3.761905,86.000000
34,5.027400,3,0.625976,2245.953527,0.529592,1.310506,0.098360,19.638276,0.600541,93.280852,0.041429,0.894286,0.024286,1.571428,0.195238,1.039370,0.681339,1.000000,20.000000,1.000000,514.090763,0.562992,0.793228,55.000000,3.761905,86.000000
35,5.705489,3,0.629759,2249.964219,0.699800,1.319466,0.095167,19.658750,0.565869,92.384647,0.041429,0.894286,0.024286,1.571428,0.195238,1.039370,0.681339,1.000000,20.000000,1.000000,514.090763,0.562992,0.793228,55.000000,3.761905,86.000000
36,5.159238,3,0.573519,2361.165845,0.583331,1.298920,0.093197,18.558623,0.619969,95.088271,0.041429,0.894286,0.024286,1.571428,0.195238,1.039370,0.681339,1.000000,20.000000,1.000000,514.090763,0.562992,0.793228,55.000000,3.761905,86.000000
37,5.147999,4,0.539780,2351.398039,0.687128,1.219560,0.098975,18.511198,0.635705,98.170301,0.041429,0.894286,0.024286,1.571428,0.195238,1.039370,0.681339,1.000000,20.000000,1.000000,514.090763,0.562992,0.793228,55.000000,3.761905,86.000000
38,5.715438,3,0.646241,2341.811168,0.571321,1.232310,0.094495,19.691462,0.570739,93.658579,0.041429,0.894286,0.024286,1.571428,0.195238,1.039370,0.681339,1.000000,20.000000,1.000000,514.090763,0.562992,0.793228,55.000000,3.761905,86.000000
39,5.519965,4,0.553850,2357.559478,0.653014,1.292281,0.098755,19.330333,0.602836,97.962483,0.041429,0.894286,0.024286,1.571428,0.195238,1.039370,0.681339,1.000000,20.000000,1.000000,514.090763,0.562992,0.793228,55.000000,3.761905,86.000000
40,5.785622,3,0.524350,2291.075939,0.609782,1.259383,0.093961,19.218574,0.632730,93.879362,0.041429,0.894286,0.024286,1.571428,0.195238,1.039370,0.681339,1.000000,20.000000,1.000000,514.090763,0.562992,0.793228,55.000000,3.761905,86.000000
41,5.295966,3,0.526081,2395.270240,0.567586,1.469117,0.096072,19.039576,0.577935,97.351153,0.041429,0.894286,0.024286,1.571428,0.195238,1.039370,0.681339,1.000000,20.000000,1.000000,514.090763,0.562992,0.793228,55.000000,3.761905,86.000000
42,5.778992,4,0.569858,2325.436747,0.569809,1.478319,0.095081,19.317874,0.612712,97.750216,0.041429,0.894286,0.024286,1.571428,0.195238,1.039370,0.681339,1.000000,20.000000,1.000000,514.090763,0.562992,0.793228,55.000000,3.761905,86.000000
43,5.267768,4,0.585674,2221.218735,0.513987,1.391146,0.100461,19.132164,0.648875,93.456826,0.041429,0.894286,0.024286,1.571428,0.195238,1.039370,0.681339,1.000000,20.000000,1.000000,514.090763,0.562992,0.793228,55.000000,3.761905,86.000000
44,5.228524,4,0.533681,2283.849400,0.637735,1.447514,0.100551,19.419863,0.582531,91.468249,0.041429,0.894286,0.024286,1.571428,0.195238,1.039370,0.681339,1.000000,20.000000,1.000000,514.090763,0.562992,0.793228,55.000000,3.761905,86.000000
45,5.137176,3,0.543573,2389.145446,0.607611,1.423996,0.092168,18.398997,0.591647,99.179663,0.041429,0.894286,0.024286,1.571428,0.195238,1.039370,0.681339,1.000000,20.000000,1.000000,514.090763,0.562992,0.793228,55.000000,3.761905,86.000000
46,5.877165,4,0.593853,2229.628378,0.655302,1.402901,0.100385,19.230372,0.628729,99.895410,0.041429,0.894286,0.024286,1.571428,0.195238,1.039370,0.681339,1.000000,20.000000,1.000000,514.090763,0.562992,0.793228,55.000000,3.761905,86.000000
47,5.998563,3,0.647746,2281.156963,0.615798,1.342810,0.095364,19.158223,0.645528,97.679314,0.041429,0.894286,0.024286,1.571428,0.195238,1.039370,0.681339,1.000000,20.000000,1.000000,514.090763,0.562992,0.793228,55.000000,3.761905,86.000000
48,5.386308,3,0.494050,2399.957192,0.623153,1.438605,0.101692,18.936354,0.637592,91.392765,0.041429,0.894286,0.024286,1.571428,0.195238,1.039370,0.681339,1.000000,20.000000,1.000000,514.090763,0.562992,0.793228,55.000000,3.761905,86.000000
49,5.966582,3,0.572138,2211.152804,0.521771,1.451595,0.100097,18.590764,0.560536,96.468292,0.041429,0.894286,0.024286,1.571428,0.195238,1.039370,0.681339,1.000000,20.000000,1.000000,514.090763,0.562992,0.793228,55.000000,3.761905,86.000000
50,5.626526,4,0.505721,2263.803750,0.599781,1.270618,0.097085,19.754617,0.649802,98.369050,0.041429,0.894286,0.024286,1.571428,0.195238,1.039370,0.681339,1.000000,20.000000,1.000000,514.090763,0.562992,0.793228,55.000000,3.761905,86.000000
