MISSNUM,DBODY,Kfuel,EQ_RATIO,PC,DNOSE,LNOSE,THROAT,LNOZ,FNL,TBURN,WRCR,WTR,WINGB2,WLE,XLEWING/LENGTH,TRCR,TTR,TAILB2,TLE,TLEWING/LENGTH,TDELAY,TAU,ZETA,COHZ,PRONVG,LAUNCH
51,5.537593,3,0.580177,2331.504178,0.591730,1.433609,0.099756,18.670797,0.638872,90.691815,0.041429,0.894286,0.024286,1.571428,0.195238,1.039370,0.681339,1.000000,20.000000,1.000000,514.090763,0.562992,0.793228,55.000000,3.761905,86.000000
52,5.595775,3,0.549451,2265.950263,0.551230,1.460707,0.092551,18.753982,0.598846,90.794128,0.041429,0.894286,0.024286,1.571428,0.195238,1.039370,0.681339,1.000000,20.000000,1.000000,514.090763,0.562992,0.793228,55.000000,3.761905,86.000000
53,5.845716,3,0.457800,2307.930684,0.645295,1.378676,0.099095,18.471030,0.574731,94.751210,0.041429,0.894286,0.024286,1.571428,0.195238,1.039370,0.681339,1.000000,20.000000,1.000000,514.090763,0.562992,0.793228,55.000000,3.761905,86.000000
54,5.889557,4,0.642275,2271.698302,0.635089,1.376728,0.099572,18.099153,0.566688,96.866405,0.041429,0.894286,0.024286,1.571428,0.195238,1.039370,0.681339,1.000000,20.000000,1.000000,514.090763,0.562992,0.793228,55.000000,3.761905,86.000000
55,5.745559,4,0.471667,2273.258573,0.693152,1.394462,0.099289,19.898626,0.587746,94.965579,0.041429,0.894286,0.024286,1.571428,0.195238,1.039370,0.681339,1.000000,20.000000,1.000000,514.090763,0.562992,0.793228,55.000000,3.761905,86.000000
56,5.339469,4,0.512261,2377.083790,0.675842,1.481501,0.100976,18.533552,0.617903,94.163842,0.041429,0.894286,0.024286,1.571428,0.195238,1.039370,0.681339,1.000000,20.000000,1.000000,514.090763,0.562992,0.793228,55.000000,3.761905,86.000000
57,5.397916,3,0.606011,2277.826691,0.593912,1.238034,0.098454,19.077049,0.575769,93.192938,0.041429,0.894286,0.024286,1.571428,0.195238,1.039370,0.681339,1.000000,20.000000,1.000000,514.090763,0.562992,0.793228,55.000000,3.761905,86.000000
58,5.249915,3,0.545711,2299.015784,0.517463,1.217057,0.092271,18.856602,0.561902,92.593718,0.041429,0.894286,0.024286,1.571428,0.195238,1.039370,0.681339,1.000000,20.000000,1.000000,514.090763,0.562992,0.793228,55.000000,3.761905,86.000000
59,5.918849,4,0.635932,2293.325746,0.523563,1.409474,0.094755,19.619604,0.613679,95.565452,0.041429,0.894286,0.024286,1.571428,0.195238,1.039370,0.681339,1.000000,20.000000,1.000000,514.090763,0.562992,0.793228,55.000000,3.761905,86.000000
60,5.828870,3,0.467528,2381.347895,0.665041,1.337848,0.095775,19.913431,0.593657,99.088614,0.041429,0.894286,0.024286,1.571428,0.195238,1.039370,0.681339,1.000000,20.000000,1.000000,514.090763,0.562992,0.793228,55.000000,3.761905,86.000000
61,5.375171,3,0.611821,2363.712490,0.697120,1.306863,0.097858,18.336072,0.583814,98.981345,0.041429,0.894286,0.024286,1.571428,0.195238,1.039370,0.681339,1.000000,20.000000,1.000000,514.090763,0.562992,0.793228,55.000000,3.761905,86.000000
62,5.656333,4,0.508241,2239.995134,0.643975,1.244190,0.099373,19.878538,0.610954,97.498046,0.041429,0.894286,0.024286,1.571428,0.195238,1.039370,0.681339,1.000000,20.000000,1.000000,514.090763,0.562992,0.793228,55.000000,3.761905,86.000000
63,5.666190,4,0.454049,2287.961411,0.531484,1.400603,0.097458,19.270813,0.624835,99.574415,0.041429,0.894286,0.024286,1.571428,0.195238,1.039370,0.681339,1.000000,20.000000,1.000000,514.090763,0.562992,0.793228,55.000000,3.761905,86.000000
64,5.817128,3,0.643423,2209.056579,0.629177,1.370996,0.095968,19.378450,0.607746,90.253632,0.041429,0.894286,0.024286,1.571428,0.195238,1.039370,0.681339,1.000000,20.000000,1.000000,514.090763,0.562992,0.793228,55.000000,3.761905,86.000000
65,5.768160,3,0.465534,2359.988737,0.541960,1.346472,0.096676,18.314122,0.581554,92.486770,0.041429,0.894286,0.024286,1.571428,0.195238,1.039370,0.681339,1.000000,20.000000,1.000000,514.090763,0.562992,0.793228,55.000000,3.761905,86.000000
66,5.347967,3,0.503996,2225.159940,0.543958,1.364217,0.098673,19.513797,0.657648,92.260374,0.041429,0.894286,0.024286,1.571428,0.195238,1.039370,0.681339,1.000000,20.000000,1.000000,514.090763,0.562992,0.793228,55.000000,3.761905,86.000000
67,5.206890,3,0.637941,2201.279223,0.679232,1.351735,0.094577,19.956065,0.650567,94.383545,0.041429,0.894286,0.024286,1.571428,0.195238,1.039370,0.681339,1.000000,20.000000,1.000000,514.090763,0.562992,0.793228,55.000000,3.761905,86.000000
68,5.198405,4,0.519624,2393.861139,0.601863,1.253547,0.096361,18.737277,0.615753,91.953114,0.041429,0.894286,0.024286,1.571428,0.195238,1.039370,0.681339,1.000000,20.000000,1.000000,514.090763,0.562992,0.793228,55.000000,3.761905,86.000000
69,5.018528,3,0.619991,2255.707300,0.641881,1.441849,0.095857,19.773458,0.595529,90.868214,0.041429,0.894286,0.024286,1.571428,0.195238,1.039370,0.681339,1.000000,20.000000,1.000000,514.090763,0.562992,0.793228,55.000000,3.761905,86.000000
70,5.328895,4,0.588253,2315.655553,0.595914,1.214762,0.097585,18.613526,0.562832,93.386744,0.041429,0.894286,0.024286,1.571428,0.195238,1.039370,0.681339,1.000000,20.000000,1.000000,514.090763,0.562992,0.793228,55.000000,3.761905,86.000000
71,5.649008,4,0.639626,2243.753228,0.565140,1.454131,0.096565,18.970004,0.644626,91.667610,0.041429,0.894286,0.024286,1.571428,0.195238,1.039370,0.681339,1.000000,20.000000,1.000000,514.090763,0.562992,0.793228,55.000000,3.761905,86.000000
72,5.435777,4,0.516149,2313.061523,0.689071,1.354610,0.099671,19.173397,0.659907,95.289724,0.041429,0.894286,0.024286,1.571428,0.195238,1.039370,0.681339,1.000000,20.000000,1.000000,514.090763,0.562992,0.793228,55.000000,3.761905,86.000000
73,5.689546,4,0.514203,2345.690012,0.527765,1.205730,0.101255,18.171246,0.625589,91.554335,0.041429,0.894286,0.024286,1.571428,0.195238,1.039370,0.681339,1.000000,20.000000,1.000000,514.090763,0.562992,0.793228,55.000000,3.761905,86.000000
74,5.119722,4,0.522061,2251.174724,0.613145,1.223430,0.092696,19.996753,0.651694,98.484496,0.041429,0.894286,0.024286,1.571428,0.195238,1.039370,0.681339,1.000000,20.000000,1.000000,514.090763,0.562992,0.793228,55.000000,3.761905,86.000000
75,5.487278,4,0.652179,2289.963961,0.611209,1.249673,0.092461,18.634077,0.630763,97.265225,0.041429,0.894286,0.024286,1.571428,0.195238,1.039370,0.681339,1.000000,20.000000,1.000000,514.090763,0.562992,0.793228,55.000000,3.761905,86.000000
76,5.697217,4,0.469438,2369.371009,0.681842,1.301045,0.096867,18.914480,0.634764,96.090422,0.041429,0.894286,0.024286,1.571428,0.195238,1.039370,0.681339,1.000000,20.000000,1.000000,514.090763,0.562992,0.793228,55.000000,3.761905,86.000000
77,5.558159,3,0.560071,2371.305048,0.503560,1.457956,0.093578,19.290350,0.658705,93.084747,0.041429,0.894286,0.024286,1.571428,0.195238,1.039370,0.681339,1.000000,20.000000,1.000000,514.090763,0.562992,0.793228,55.000000,3.761905,86.000000
78,5.318980,3,0.555883,2321.119571,0.505042,1.225536,0.098158,19.454802,0.609534,96.179215,0.041429,0.894286,0.024286,1.571428,0.195238,1.039370,0.681339,1.000000,20.000000,1.000000,514.090763,0.562992,0.793228,55.000000,3.761905,86.000000
79,5.418678,3,0.583873,2355.660844,0.621581,1.241113,0.098857,18.438426,0.629800,95.454687,0.041429,0.894286,0.024286,1.571428,0.195238,1.039370,0.681339,1.000000,20.000000,1.000000,514.090763,0.562992,0.793228,55.000000,3.761905,86.000000
80,5.056917,4,0.598312,2253.617752,0.585336,1.207997,0.101396,19.575405,0.590697,95.373437,0.041429,0.894286,0.024286,1.571428,0.195238,1.039370,0.681339,1.000000,20.000000,1.000000,514.090763,0.562992,0.793228,55.000000,3.761905,86.000000
81,5.908411,4,0.476072,2353.514576,0.519242,1.246664,0.097261,18.018141,0.641940,94.056893,0.041429,0.894286,0.024286,1.571428,0.195238,1.039370,0.681339,1.000000,20.000000,1.000000,514.090763,0.562992,0.793228,55.000000,3.761905,86.000000
82,5.308904,3,0.618059,2305.788410,0.647027,1.472067,0.093471,19.713098,0.631821,96.376151,0.041429,0.894286,0.024286,1.571428,0.195238,1.039370,0.681339,1.000000,20.000000,1.000000,514.090763,0.562992,0.793228,55.000000,3.761905,86.000000
83,5.839549,4,0.501852,2309.636557,0.549338,1.268480,0.101997,18.957498,0.592584,90.452003,0.041429,0.894286,0.024286,1.571428,0.195238,1.039370,0.681339,1.000000,20.000000,1.000000,514.090763,0.562992,0.793228,55.000000,3.761905,86.000000
84,5.615368,4,0.623542,2367.724884,0.649389,1.492573,0.099451,18.198962,0.608519,97.596913,0.041429,0.894286,0.024286,1.571428,0.195238,1.039370,0.681339,1.000000,20.000000,1.000000,514.090763,0.562992,0.793228,55.000000,3.761905,86.000000
85,5.097197,3,0.621572,2247.524670,0.511676,1.282784,0.097678,18.292939,0.653623,96.274219,0.041429,0.894286,0.024286,1.571428,0.195238,1.039370,0.681339,1.000000,20.000000,1.000000,514.090763,0.562992,0.793228,55.000000,3.761905,86.000000
86,5.679359,4,0.456130,2215.837845,0.685190,1.361350,0.093657,18.256286,0.594871,95.996826,0.041429,0.894286,0.024286,1.571428,0.195238,1.039370,0.681339,1.000000,20.000000,1.000000,514.090763,0.562992,0.793228,55.000000,3.761905,86.000000
87,5.869636,4,0.488235,2279.139340,0.617224,1.277458,0.093375,19.054259,0.647523,96.668541,0.041429,0.894286,0.024286,1.571428,0.195238,1.039370,0.681339,1.000000,20.000000,1.000000,514.090763,0.562992,0.793228,55.000000,3.761905,86.000000
88,5.895791,4,0.535805,2231.014487,0.639347,1.429720,0.096154,18.894800,0.604501,92.780730,0.041429,0.894286,0.024286,1.571428,0.195238,1.039370,0.681339,1.000000,20.000000,1.000000,514.090763,0.562992,0.793228,55.000000,3.761905,86.000000
89,5.469725,3,0.477469,2379.650843,0.581930,1.295834,0.100192,19.535693,0.627837,99.288155,0.041429,0.894286,0.024286,1.571428,0.195238,1.039370,0.681339,1.000000,20.000000,1.000000,514.090763,0.562992,0.793228,55.000000,3.761905,86.000000
90,5.979842,4,0.498259,2207.704177,0.501065,1.328238,0.096296,19.499054,0.571725,98.673820,0.041429,0.894286,0.024286,1.571428,0.195238,1.039370,0.681339,1.000000,20.000000,1.000000,514.090763,0.562992,0.793228,55.000000,3.761905,86.000000
91,5.577220,4,0.608322,2311.750114,0.577728,1.462744,0.094666,18.417104,0.601936,93.575469,0.041429,0.894286,0.024286,1.571428,0.195238,1.039370,0.681339,1.000000,20.000000,1.000000,514.090763,0.562992,0.793228,55.000000,3.761905,86.000000
92,5.527312,3,0.551496,2303.502750,0.673144,1.312667,0.095589,18.492761,0.564796,92.968472,0.041429,0.894286,0.024286,1.571428,0.195238,1.039370,0.681339,1.000000,20.000000,1.000000,514.090763,0.562992,0.793228,55.000000,3.761905,86.000000
93,5.607482,4,0.486286,2257.949477,0.677359,1.412012,0.099180,18.215387,0.654824,91.798580,0.041429,0.894286,0.024286,1.571428,0.195238,1.039370,0.681339,1.000000,20.000000,1.000000,514.090763,0.562992,0.793228,55.000000,3.761905,86.000000
94,5.958184,3,0.650353,2387.557352,0.659341,1.406001,0.097365,19.472600,0.636535,90.197928,0.041429,0.894286,0.024286,1.571428,0.195238,1.039370,0.681339,1.000000,20.000000,1.000000,514.090763,0.562992,0.793228,55.000000,3.761905,86.000000
95,5.638771,3,0.602133,2383.739758,0.651536,1.426523,0.095454,19.097264,0.618743,98.560227,0.041429,0.894286,0.024286,1.571428,0.195238,1.039370,0.681339,1.000000,20.000000,1.000000,514.090763,0.562992,0.793228,55.000000,3.761905,86.000000
96,5.239007,4,0.561642,2267.244035,0.507851,1.340254,0.101451,18.995722,0.652963,97.883306,0.041429,0.894286,0.024286,1.571428,0.195238,1.039370,0.681339,1.000000,20.000000,1.000000,514.090763,0.562992,0.793228,55.000000,3.761905,86.000000
97,5.037721,4,0.496285,2213.265659,0.561121,1.261945,0.101588,18.034924,0.603575,90.398840,0.041429,0.894286,0.024286,1.571428,0.195238,1.039370,0.681339,1.000000,20.000000,1.000000,514.090763,0.562992,0.793228,55.000000,3.761905,86.000000
98,5.166658,3,0.564152,2343.112433,0.691690,1.373583,0.100678,18.655854,0.656518,92.074863,0.041429,0.894286,0.024286,1.571428,0.195238,1.039370,0.681339,1.000000,20.000000,1.000000,514.090763,0.562992,0.793228,55.000000,3.761905,86.000000
99,5.588690,4,0.614191,2385.221255,0.509718,1.348954,0.101852,18.776798,0.655802,92.170925,0.041429,0.894286,0.024286,1.571428,0.195238,1.039370,0.681339,1.000000,20.000000,1.000000,514.090763,0.562992,0.793228,55.000000,3.761905,86.000000
100,5.256064,3,0.600253,2269.292879,0.619130,1.289502,0.096954,18.117753,0.646765,94.886298,0.041429,0.894286,0.024286,1.571428,0.195238,1.039370,0.681339,1.000000,20.000000,1.000000,514.090763,0.562992,0.793228,55.000000,3.761905,86.000000
